
111100111010010100100110100010000000100000101110100110000000111100111010100010010110101001100110010100100100100010

110000101111000000010110100000101110100010000000100000101001011100011110100010101110



010100011110000000010100011100000000100000000000011110111010101001011110110010000000101001101110010100111001100010111010011100100000111000111000101111000000100000100100101000101110101010010111111000100010100110110110100010100110000000011110110010100000011110000000100000000000011100010100101110110110111000100010000000101100100000101110000000010100101110000000111100101010011100011100100010011100011100010100101010101110
101010110100000000100000000000110110101010101010100110000000110100101010111010011110101001101110100010000000101100101001011100011110000000110000100010000000010100101110000000010111100000101110011110000000101010110100000000100000000000010111010100110100100010

110010101010010111100010111001100010111010000000111000010100011110011110111000100010000000101000101110101010010111101110000000011110110010100010000000110100100010100010111000010100101110110110011100000000101010111010000000111001010100100010010111011100000000101010110100000000011100101001100100110010000000100000000000101100100000101110000000101100100000101111000000110000100010000000101010101110000000110010010100011100
110100010100111010011100011110000000100010101110011110100010111010010100101110110110000000100000000000101110100010010100110110110010110000101010101001111010110010101010101010100110000000011110110010010100011100000000011110111010101001011110110010000000010100011100000000011100101010000000010111100010111000111000000000110100010100101101100010100110000000010100101110000000011110110010100010000000101100010100101110100110011100
101010110100000000011110110010100010000000011100101001111010111010101010101001101110100110010100101110110110000000110100100000101100010100111000010100100010011100000000011110110010100000011110000000110010100010000000010100011100000000100100101010101110011100010100100110100010111010100010100110000000011110110010100010000000111010010100110110110010011110110100101001111000000000111100111010101010111100100010111010011110101111
101010110100000000011100101010101100100010000000101010101110100010000000101010111010000000101010011110110010100010111010000000101010110100000000011110110010100010010100111010000000100110100000101001110110110010011110100010111010011100

101100101111000000100110100010100000111010000000101100111010000000110000100010101110101110100010011110000000011100100000010100100110000000110010010100011100000000111000100000100110101111000000011110101010000000110010010100101100000000101010101110100010000000100110100000101111000000110010100000111001100010000000101111101010101001000000110010100010100000111010100110000000011110110010100000011110
101110100010011110110010100010111010110100010100100010111000100110000000111100100000111010101000000000010100011100000000111000100010011110000000100000011110000000111000100000011100011110

101100111010000000110000100010101110101110100010011110000000111010100010111100111000010100100010100110000000011110110010100000011110000000110010100010000000110010100000100110000000101110101010011110

110000101001011110000000010100011110000000010100011100000000111010100010011110101001111010101110100010100110000000011100110010100010000000110100101010111010000000101100111010011100000000111000101010101110110110000000110010100000011100000000010110101001011100011110000000110000100010100010101110000000110010100010111010100010000000100000101110100110000000011100110010100010
011110101010111000100110000000101100100010000000100000111000111000000000100000110000101010101001011110000000010100011110

101100111010000000110000100010101110101110100010011110000000101100100000100110100010000000101110101010000000100000101110011100010111100010111010

100110101010000000101111101010101001000000101110101010011110000000010111100000101110011110000000011110101010000000101000101110101010010111000000010111110010101010000000110010100000011100000000011110100000101000100010101110000000010100011110000000100100111010010100100010100110000000110010010100011100000000010111010100110100100010000000010100101100111100100000011110010100100010101110011110111000101111

101111101010101001000000010111100000101110011110000000011110101010000000011110100010111000111000000000101100100010000000100000101110100110000000010100000000110010100000111001100010000000101110101010000000101010110000010110100010100100011110010100101010101110000000011110101010000000110010100010100000111010010100101110110110000000010100011110

011110110010010100011100000000010111100000011100000000010100101110111001010100011110100000011110010100101010101110000000100010101110101010101001110110110010

010111110010101111000000101100101111000000100110100010100000111010000000101111101010101001000000101100101001011100011110000000101000101110101010010111000000101100111010011100000000111000101010101110110110000000011100100000101111011100000000011110110010100000011110000000101110100010011110110010100010111010110100010100100010111000100110000000010100011100000000011110100000101000100010101110
110000101111000000100000000000101111101010101001101110110110000000101100100000101110000000101010110100000000111000100000111010110110100010000000110100101010111010011110101001101110100010000000110100111010101010101100000000011110110010100010000000101110101010111010011110110010000000101010110100000000100010101110110110111000100000101110100110000000011110110010100000011110000000110010100010000000100100100000101100100010
100110101010010111101110000000101010101110000000101100101010101110100110100000101111000000010100101110000000100000000000100100110010100000010100011100100010000000100000101110100110000000110100101010101001111010000000011110101010000000011100100010100010000000011110110010100010000000111100111000100000100100100010000000100000101110100110000000010111100000011100000000011100101010000000101100101001100100110010
100110100010111000010100110110110010011110100010100110000000010111010100011110110010000000010100011110000000011110110010100000011110000000110010100010000000100000110110111010100010100010100110000000010111010100011110110010000000101100111010000000101100101010111010111010010100011100000000010100101100101100100010100110010100100000011110100010111000101111000000011110110010100000011110000000110010100010
010100011100000000011110101010000000011110100000101000100010000000111100101010011100011100100010011100011100010100101010101110000000110000100010110100101010111010100010000000101100010100100100110010100000100010111000101100100000011100000000100000101110100110000000011100101010101100100010000000101010110100000000110010010100011100000000011100100010111010111001100000101110011110011100000000100000111010100010000000011110101010
110000100010000000010100101110000000011110110010100010000000110010101010101001011100100010000000110000101111000000011110110010100010000000100010101110100110000000101010110100000000101110100010101101011110000000010111100010100010101000

010111110010100000011110000000010100011100000000110010010100011100000000101110100000101100100010

110000010100101110110110111000100010101111

010100011100000000110010100010000000101100100000111010111010010100100010100110000000101010111010000000011100010100101110110110111000100010

101010110010000000011100010100101110110110111000100010000000101100101111000000100110100010100000111010000000011110101010000000110000100010000000011100101001111010100010000000100000000000011100010100101110110110111000100010000000101100100000101110000000101010110100000000111000100000111010110110100010000000110100101010111010011110101001101110100010000000110100101010101001111010000000101010111010
110100010100111001100010000000011110110010101010101001011100100000101110100110000000100000000000101111100010100000111010000000010111110010100000011110000000100000000000110100010100101110100010000000011110110010010100101110110110000000110100101010111010000000101010101001111010000000110110010100111010111000011100

110010101010010111000000011100101010000000110010101010010111000000100100100000101110000000010100011110000000100000110100110100100010100100011110000000011110110010100010101100

101100101111000000100110100010100000111010000000101100111010000000110000100010101110101110100010011110000000111010100010111100111000010100100010100110000000110010010100011100000000010111010100110100100010000000110010101010010111000000100100100000101110000000101111101010101001000000110000100010000000011100101010000000011110010100111010100010011100101010101100100010000000101111101010101001
101100101001011100011110000000101000101110101010010111000000011110110010100000011110000000010100000000100000101100000000011110110010010100101110101000010100101110110110000000101010110100000000110010010100011100000000101100100000111010111010101111010100101110110110000000101010101110100010000000101010110100000000011110110010100010101100

010100011100000000011110110010100000011110000000110010010100011100000000100110100010011100010100110110101110000000010100101110000000011100100010011110011110111000010100101110110110000000110010100010111010100010

100110100010011100010100110110101110000000101110101010101110011100100010101110011100100010000000110010101010010111000000100100100000101110000000101111101010101001000000011110100000111000101000000000011100101010000000110000101001011110000000010100011110000000010100011100000000111001100010111010101111000000111000010100101000100010111000101111000000011110110010100000011110000000110010100010
101100100000101111000000110100100000111000111000000000010100101110000000111000101010111001100010000000010111010100011110110010000000101010101110100010000000101010110100000000011110110010100010101100000000100000101110100110000000011110110010100010111010100010110100101010111010100010000000101111101010101001000000101100101001011100011110000000111001010100011100010100011110000000110010010100101100000000100000011100
011100101010101010101110000000100000011100000000110010100010000000100100101010101100100010011100

010100000000011100100010100010000000101110101010000000101010100100100100100000011100010100101010101110000000110100101010111010000000011110110010100000011110000000101111101010101001000000100000101110100110000000011110110010100010000000110110010100111010111000011100000000101100100000101111000000110110101010000000101010111010000000101111101010101001000000101100100000101111000000011100100010101110100110
011110110010100010101100000000110000101111000000011110110010100010101100011100100010111000111001100010011100000000010111110010010100100100110010000000111100100010111010110010100000111100011100000000010111010100111000111000000000110000100010000000011100011110010100111000111000000000110000100010011110011110100010111010000000110100101010111010000000100000011100000000101111101010101001000000100000111010100010
100000011100000000110010100000101110100110011100101010101100100010000000100000011100000000100000101110101111000000101010110100000000011110110010100010101100000000101100111010000000110000010100101110110110111000100010101111000000101100100000101111000000111000010100101000100010000000101111101010101001000000011110110010100010000000110000100010011100011110000000101010110100000000011110110010100010
111100100000111010011110101111

101100101111000000100110100010100000111010000000101111101010101001000000110100111000100000011110011110100010111010000000101100100010000000010100000000100100100010111010011110100000010100101110111000101111000000110010100000111001100010000000110010100000100110000000101100101111000000011100110010100000111010100010000000101010110100000000110000100010100000101001011110101111000000110000101001011110
010100000000100110101010000000101110101010011110000000111100111010100010011110100010101110100110000000011110101010000000110000100010000000100000101110101111011110110010010100101110110110000000100010101101011110111010100000101010111010100110010100101110100000111010101111000000101110101010010111000000010111110010100010101110000000100000000000010111101010101100100000101110000000110010100000011100000000110100010100111001100010
110110111010101010010111101110101001111100000000100110100000101001110110110010011110100010111010011100000000011100110010100010000000101010101001110110110010011110000000011110101010000000110110010100111001100010000000101010111001100010111010000000011110110010010100101110101000010100101110110110000000101010110100000000110010100010111010000000101010010111101110000000110000100010100000101001011110101111

010100101110000000011100101001100100110010000000100100100000011100100010011100000000100000000000010111101010101100100000101110000000110010100000011100000000101110101010011110000000101010110100011110100010101110000000101100101001100100110010000000110000100010100000101001011110101111000000011110101010000000011110110010010100101110101000000000101010110100

110000101001011110000000101100101111000000100110100010100000111010000000101111101010101001000000101100101001011100011110000000010100101110100110100010100010100110000000110110101010000000100000101110100110000000011100100010100010000000101100111010000000110000010100101110110110111000100010101111000000010111110010100010101110000000110010100010000000100100101010101100100010011100000000010100101110011110101010
011110110010100010000000101110100010010100110110110010110000101010101001111010110010101010101010100110

010100011110000000010100011100000000101100101010111010100010000000011110110010100000101110000000010100000000100010101110110110100000110110100010000000110100101010111010000000010100000000100000011100011100101001111010100010000000101111101010101001

110000101001011110000000100100101010101110011100010100100110100010111010000000101111101010101001111010000000100110100000101001110110110010011110100010111010011100000000101010101110111000101111000000011110110010010100101110101000000000010111110010100000011110000000100000101110000000100010011100011110100000110000111000010100011100110010101100100010101110011110000000010100011110000000010111101010101001111000100110
110000100010000000110100101010111010000000101010101110100010000000101010110100000000011110110010100010101100000000011100010100111010000000010111010100111000111000010100100000101100000000100000101110100110000000111000100000100110101111000000111000101001100100100000011100000000100000111010100010000000100110100010011110100010111010101100010100101110100010100110000000011110101010
110110101010000000101100100010111010100010111000101111000000101010101110000000011110110010100000011110000000100000100100100100101010101001101110011110000000110100101010111010000000010100101110000000110110100010101110100010111010100000111000000000101111101010101001000000101000101110101010010111000000011110110010100010101111000000111001010100011100010100011110000000101110101010
101110100010010111100100101010101100100010111010011100000000010100101110100110100010100010100110000000101111101010101001000000101100101001011100011110000000110110101010000000110100101010111010000000010100011110000000010111010100111000111000000000110000100010000000010100101100111100101010011100011100010100110000111000100010000000110100101010111010000000101001011100000000011110101010
111001010100011100010100011110000000110010010100101100000000010100110100000000101111101010101001000000100110101010000000101110101010011110

101111101010101001000000100000111010100010000000101010111001100010111010011100100100111010101001111100101001111000101010101001011100000000011100101001111010100010111000101111000000010100000000100110100000111010100010000000011100100000101111000000101100111010000000110000010100101110110110111000100010101111000000010111010100111000111000000000110000100010000000111001100010111010101111
110110111000100000100110000000011110101010000000011100100010100010000000101111101010101001000000100000101110100110000000010100000000010111010100111000111000000000011100100010101110100110000000100000000000110100100010010111000000111000010100101110100010011100000000110000101111000000101111101010101001000000011110101010000000100000011100011100101001111010100010000000110010010100101100000000101010110100000000101100101111
110010100010100000111010011110101111000000100100101010101110011100100010101110011110000000011110101010000000110010010100011100000000101100100000111010111010101111010100101110110110000000010111110010010100100100110010100010111001100010111010000000110010100010000000100100110010101010101010011100100010011100000000101010110100000000011110110010100010000000110110010100111010111000011100000000011110110010101010101001110110110010
010100000000101100101001011100011110000000011110110010111010101010010111000000010100101110000000100000000000110110101010101010100110000000010111101010111010100110000000110100101010111010000000101100101111000000111000010100011110011110111000100010000000111000010100101011101011101111

010100000000100110100010011100010100111010100010000000101111101010101001000000010111010100111000111000000000100110101010000000101110101010000000011100101001100100110010000000011110110010010100101110110110000000111000010100101011101011101111000000010100011100000000101110101010011110000000100000000000110000010100011110000000110000100010011110011110100010111010000000011110110010100000101110000000011110110010100010
101010011110110010100010111010011100000000100000101110100110000000010100000000100000101100000000011100101001111010100010000000011100110010100010000000010100011100000000101110101010011110000000110010100000111000110100000000011100101010000000110010100000101110100110011100101010101100100010000000100000011100000000010110100000101110100010000000101110101010111010000000110010100000111000110100000000011100101010
110110101010101010100110110010101001101100101010101001111010100010100110000000100000011100000000111000101111100110010100100000000000110000101001011110000000101111101010101001000000100000111010100010000000100000111000010111100000101111011100000000110110010100111001010100101110110110000000110010100010111010000000011110110010100010000000111100111010100010110100100010111010100010101110100100100010

011110110010100010101111000000110010100000111001100010000000101110101010101110100010000000101010110100000000011110110010100010101100000000101100101001100100110010000000011110101010000000111010100010100100101010101100101100100010101110100110000000011110110010100010101100000000111010100010111100111000010100100010100110000000110010100010000000011110110010100010101111000000100000111010100010
100000111000111000000000011100010100111000111000101111000000100000101110100110000000010100110110101110101010111010100000101110011110000000111000010100101000100010000000101010011110110010100010111010000000110110010100111010111000011100000000110000101001011110000000111000010100101011101011101111000000110010100000011100000000011100101010101100100010011110110010010100101110110110000000101100101010111010100010000000101010110100
111110101001010100100100101000101110100010011100011100000000011110110010100000101110000000110010100010111010000000011100010100011100011110100010111010011100

101100111010000000110000100010101110101110100010011110000000110010101010010111000000100100100000101110000000101111101010101001000000100000110000101001011100100010000000101111101010101001111010000000101010010111101110000000100100110010010100111000100110111010100010101110000000010100101110000000011100101001100100110010000000100000000000010111100000101111000000101111101010101001
011110100000101000100010000000100110100010111000010100110110110010011110000000010100101110000000111001100010101101010100101110110110000000101100100010000000101111101010101001000000110010100000111001100010000000101110101010000000100100101010101100111100100000011100011100010100101010101110000000110100101010111010000000101100101111000000111100101010101010111010000000101110100010111010111001100010011100

101111101010101001000000101100010100011100011110100000101000100010000000101100100010000000101100101111000000100110100010100000111010000000010100000000110010100000111001100010000000100000000000110010010100110110110010000000111010100010011100111100100010100100011110000000110100101010111010000000101111101010101001111010000000101110100010111010111001100010011100000000011110110010100010101111
100000111010100010000000101100101111000000101010111000100110000000110100111010010100100010101110100110011100000000010100000000110010100000111001100010000000110010100010100000111010100110000000101111101010101001000000101100100010101110011110010100101010101110000000011110110010100010101100000000010111010100011110110010000000100100101010101110011100010100100110100010111010100000011110010100101010101110
011110110010100010011100100010000000111000100000011100011110000000011110010111100010101110011110101111000000101111100010100000111010011100000000100000011110000000111000100010100000011100011110

100000110010000000101111101010101001000000100110101010000000101110101010011110000000101000101110101010010111000000010111110010100000011110000000010100000000011100101001110100110100100010111010

110000101001011110000000010100000000110010101010111100100010000000101111101010101001000000010111010100111000111000000000110110100010011110000000101010111001100010111010000000010100011110000000100000101110100110000000111000010100111001100010000000011110101010000000011100100010100010000000101100100000101110101111000000101111101010101001101110110110000000101100100010101110000000101010110100000000110100101010101001111010
011110110010101010101001011100100000101110100110000000100000000000101111100010100000111010000000100100101010101100100010000000010100101110011110101010000000011110110010100010000000101110100010010100110110110010110000101010101001111010110010101010101010100110

010100011110000000010111010100111000111000000000110000100010000000101110101010000000101001011100100010000000011110101010000000101001011100000000010100110100000000011110010111100010101110011110101111000000011100101001100100110010000000011100110010101010101001111000100110000000100100101010101100100010000000011100010100101110100100100010000000101111101010101001000000010111010100111000111000000000101110101010011110
111001010100011100010100011110000000011110110010100010101100

100110100010111100100010101110100110000000101001111100101010101110000000010100011110000000101100101111000000100110100010100000111010000000011110110010100000011110000000010111110010100010101110000000011110110010100010111010100010000000100000111010100010000000011110010111100010101110011110101111000000010100000000010111010100111000111000000000111001010100011100010100011110000000011110110010100010101100
100000111000111000

101100111010000000110000100010101110101110100010011110000000010111100000011100000000011100101010000000101010100110100110000000100000000000101100010100101101011110101001111010100010000000101010110100000000111110101001010100100100101000000000111100100000111010011110011100000000011100100000111010100100100000011100011110010100100100000000110010101001101100101010101001111010
111010100010011100100010111010111001100010000000100000101110100110000000100100100000111100111010010100100100100010000000011110110010100000011110000000011110110010100010000000100010101101111100100010111010010100100010101110100100100010000000101010110100000000011110110010111010100010100010100000101110100110011110010111100010101110011110101111000000101111100010100000111010011100000000110010100000100110
110000100010100010101110000000010100101110011100101001110100110100010100100100010100100010101110011110000000011110101010000000101100100000101000100010000000110010010100011100000000010111010100110100100010000000101001101110100110100010111010011100011110100000101110100110000000110010010100011100000000100100110010100000111010100000100100011110100010111010000000110010100010111010000000101100010100101110100110
010111100000011100000000111000100010011100011100000000100110010100110100110100010100100100101001111000011110000000011110101010000000100110100010111001100010111000101010111100000000011100110010100010000000010111100000011100000000100000000000010111101010101100100000101110000000101010110100000000101100100010100000101110000000101001101110100110100010111010011100011110100000101110100110010100101110110110
111000010100011110011110111000100010000000010100101110110100101010111010101100100000011110010100101010101110000000100000101110100110000000101001101110100100100010111010011110100000010100101110000000011110100010101100111100100010111010000000010111110010100010101110000000011100110010100010000000010111100000011100000000100110010100011100100100101010101110011110100010101110011110100010100110
011100110010100010000000110100100000101110100100010100100010100110000000110010100010111010011100100010111000110100000000101110100010111010111001101010101001011100000000011110110010100010000000110000101001011100010100101110100010011100011100000000101010110100000000110010100010111010000000111000010100110100100010000000010111100000011100000000011110101010000000110110100010011110000000110010100010111010
100110100000101001110110110010011110100010111010011100000000101100100000111010111010010100100010100110000000010100011110011100000000011100101010111000100000100100100010000000010111100000011100000000111001010100011100010100011110010100101110110110000000100000101110100110000000101110100010010111011100



100100110010100000111100011110100010111010000000


101100111010000000110000100010101110101110100010011110000000010111100000011100000000100000101100101010101110110110000000011110110010100010000000100010100000111010111000010100100010011100011110000000101010110100000000011110110010101010011100100010000000010111110010101010000000010111100000010100011110100010100110000000101010101110000000101100111010000000110000010100101110110110111000100010101111000000110010100010
110010100000100110000000100000111000010111100000101111011100000000010100101110011110100010101110100110100010100110000000011110101010000000111001010100011100010100011110000000110010010100101100000000011110110010101010101001110110110010000000011110101010000000011110110010100010000000111000100000011100011110000000100000111000010111100000101111011100000000100000011100011100101001111010010100101110110110
110010010100011100000000010111010100110100100010000000011110110010100000011110000000110010100010000000011100110010101010101001111000100110000000101110101010011110000000110110101010000000100000101110100110000000011110010100111000111000000000011110110010100010000000100010111001100010101110010100101110110110000000100000110100011110100010111010000000011110110010100010000000111001010100011100010100011110000000010111100000011100
111100100000010100100110000000011100110010100010000000110010100000100110000000101110101010000000101000101110101010010111111000100010100110110110100010000000101010110100000000010100011110000000010100011110000000010111100000011100000000011110110010100010101110000000100110010100011100100100111000101010011100100010100110000000010100101110000000011110110010100010000000110100101010111000111000101010010111010100101110110110
101100100000101110101110100010111010000000101010110000011100100010111010111001010100101110110110000000110010010100011100000000011100100010100100101010101110100110000000100110100000101001110110110010011110100010111010000000100010101100111100111000101010101111100010100110000000010100101110000000011110111010010100101100101100010100101110110110000000100000000000110010100000011110000000110010100010
011100101001100110100110100010101110111000101111000000100000100110100110111010100010011100011100100010100110000000110010100010111010000000010111010100011110110010

010100000000110010101010111100100010000000101100111010000000110000010100101110110110111000100010101111000000010111010100111000111000000000111000010100101000100010000000010100011110000000111000010100101011101011101111

010111100010000000100000111010100010000000101110101010011110000000010100101110000000100000000000010111100000101111000000011110101010000000101000101110101010010111000000010111110010100000011110000000101100111010000000110000010100101110110110111000100010101111000000111000010100101000100010011100000000011100100000010100100110000000110010100010111010000000101100101010011110110010100010111010
111010100010011100100010101110011110110100101001111000111000101111000000011100010100101110100100100010000000010111100010000000100000111010100010000000101110101010011110000000011110101010000000111001010100011100010100011110

110000101001011110000000101111101010101001000000110100101010111010110110100010011110000000101100100000101100101100100000000000011100100000010100100110000000100010111000010100101011100000110000100010011110110010000000011110110010100000011110000000010111100010000000011100110010100000111000111000000000101100100010100010011110000000110010010100101100000000100000011110000000011110110010100010
100000011100011100100010101100110000111000010100100010011100000000100000101110100110000000011110110010100000011110000000101100111010011100000000111000101010101110110110000000111100111010101010101100010100011100100010100110000000011110101010000000010100101110011110111010101010100110101001100100100010000000110010010100101100

010100000000100110101010000000101110101010011110000000110000100010111000010100100010111001100010000000101100111010011100000000111000101010101110110110000000010111010100111000111000000000100110101010000000100000101110101111000000011100101001100100110010000000011110110010010100101110110110000000011100110010100010000000110010100000011100000000011110010111101010000000101110010100100010100100100010011100
101010110100000000110010100010111010000000101010010111101110000000011100110010100010000000010100011100000000100000000000011100100010111000110100010100011100110010000000110010101111111100101010100100111010010100011110010100100100100000111000000000010111101010101100100000101110000000100000101110100110000000010100000000110010100000111001100010000000101110101010000000101010111100010100101110010100101010101110
101010110100000000110010100010111010

101110101010000000101100101010111010100010000000110010100000111001100010000000010100000000011100100000010100100110000000101100111010000000110000100010101110101110100010011110000000100000101110100110000000010100000000100000101100000000110110111000100000100110000000011110101010000000110100010100101110100110000000011110110010100000011110000000101111101010101001000000100110101010
101110101010011110000000100110100010111100100010101110100110000000101010101110000000110010100010111010000000011100100010111010111001010100101110110110000000101111101010101001

101100111010011100000000110000100010101110101110100010011110000000100110100010010100110110101110100010100110000000101110101010011110000000011110101010000000101100100000101000100010000000100000101110101111000000111010100010111100111000101111000000110000101001011110000000101001101110100000110000111000100010000000011110101010000000100100101010101110011110100000010100101110
110010100010111010011100100010111000110100000000110000100010110110100000101110000000011100100100101010111000100110010100101110110110000000101010101110100010000000101010110100000000110010100010111010000000100110100000101001110110110010011110100010111010011100

100110101010101110011110000000101000100010100010111100000000100100101010101001110110110010010100101110110110000000011100101010000000101000010100011110011110101111000000110100101010111010000000110010100010100000111001100010101110011100000000011100100000101000100010000000110010100000111001100010000000100000000000111000010100011110011110111000100010
100100101010101100111100100000011100011100010100101010101110000000101010101110000000101100101111000000101110100010111010111001100010011100000000101111101010101001000000011110100010100000111010000000011110110010100010101100000000011110101010000000111100010100100010100100100010011100

101000010100011110011110101111000000110010100000011100000000101110101010000000100110010100011100100100111010100010011110010100101010101110000000010100101110000000110010100010111010000000100100101010101001110110110010011100000000011100100000010100100110000000110010100010111010000000110100100000011110110010100010111010000000011100110010100010000000011110010100101100100010011100
011110110010100010101100000000010100111000111000

010100000000100110101010000000101110101010011110000000100100101010101001110110110010000000110100101010111010000000101100101111000000101010010111101110000000100000101100101001011100100010101100100010101110011110000000111010100010111100111000010100100010100110000000101000010100011110011110101111000000110100111010100010011110110100101001111000111000101111000000010111110010100010101110000000010100011100
101111101010101001111010000000101110100010101101011110000000110000100000111000111000000000011110101010000000110000100010000000111000010100101011101011101111

011110101010101100101010111010111010101010010111000000110100101010111010011110101110010100110110110010011110

100000101111100010000000011100101010000000010100011110000000010100011100000000100100111010010100100010100110000000110010100010111010000000101100101010011110110010100010111010000000100000101110100110000000101100111010011100000000111000101010101110110110000000100110101010100010011100000000101110101010011110000000100100101010101100100010000000110000100000100100101000
011110010100111000111000000000011110110010100010000000100110100000101111000000110000100010110100101010111010100010000000011100101010000000010100011110000000010111010100111000111000000000110000100010000000010100101100111100101010011100011100010100110000111000100010000000110100101010111010000000110010100010111010000000011110101010000000010100101110011110111010101010100110101001100100100010000000110010010100101100
110100101010111010000000011100110010100010000000010111010100111000111000000000101110101010011110000000101000101110101010010111000000110010010100101100000000110010100010111010011100100010111000110100

011110110010100010101110000000101100101111000000100110100010100000111010000000101111101010101001000000101100100000101111000000110010100000111001100010000000011110110010100010000000100000100110111001100000101110011110100000110110100010000000101010110100000000101111101010101001111010000000110100111010010100100010101110100110000000100000101110100110000000010100101110011110111010101010100110101001100100100010
101100111010000000110000010100101110110110111000100010101111000000011110101010000000110010100010111010

010100101100111100101010011100011100010100110000111000100010000000101100111010000000110000100010101110101110100010011110000000010100101100111100101010011100011100010100110000111000100010000000010111110010100010101110000000010100000000100000101100000000101110101010011110000000100000100100111110101001100000010100101110011110100010100110000000010111010100011110110010000000110010010100101100
101100101111011100100010111000110100000000110010101010010111000000100100100000101110000000101111101010101001000000110000100010000000011100101010000000011110100010100000011100010100101110110110

010100000000110010101010101110101010101001111010000000101111101010101001111010000000100100010100111010100100101001101100011100111100100010100100011110010100101010101110000000100000000000110100101010111010011110101110010100110110110010011110011100000000100000100100111110101001100000010100101110011110100000101110100100100010000000010100011100000000100100100010111010011110100000010100101110111000101111
111001100010111010101111000000111000010100011110011110111000100010000000101010101110100010000000100100100000101110101110101010011110000000101000101110101010010111000000010111110010100000011110000000100000000000101100100000101110000000111010100010100000111000111000101111000000010100011100000000110000101111000000011110110010100010000000100010101110100110000000101010110100000000100000
110100101010111010011110101110010100110110110010011110000000110000101001011110000000010100110100000000010111100010000000100110101010000000101110101010011110000000111001100010101110011110101001111010100010000000011100101010101100100010110000101010100110101111000000100010111000011100100010000000010111010100111000111000000000100000101110100110000000100000110100011110100010111010000000100000111000111000
101100111010011100000000111000101010101110110110000000100000101110100110000000110010100010111010000000101110100010010100100100100010011100000000101100101001011100011110000000011100011110100000101110100110000000011110110010100010010100111010000000100100110010100000101110100100100010000000100000101110100110000000011110110010100010111010100010110100101010111010100010000000100000011100
011100110010100010000000010111010100111000111000000000011110110010010100101110101000000000010100011110000000100000101110000000100000100100011110000000101010110100000000101000010100101110100110101110100010011100011100000000010100110100000000101111101010101001000000100110100010100100111000010100101110100010000000011110110010100010000000101010110100110100010100100100100010000000010100000000010111010100111000111000
011110100000101000100010000000010100011110000000101010101110000000101100101111011100100010111000110100

011110110010100010000000110110010100111010111000011100000000011100011110100000111010100010100110000000100000011110000000011110110010100010010100111010000000110100100000011110110010100010111010000000101100111010011100000000110000100010101110101110100010011110000000011100100000010100100110000000101010101110111000101111000000101110101010101110011100100010101110011100100010
101110101010101110011100100010101110011100100010

010111110010100000011110000000100100100000101110000000110000100010000000011110110010100010000000101100100010100000101110010100101110110110000000101010110100000000011110110010100000011110000000100010101100111100110010100000011110010100100100000000100010101101100100111000100000101100100000011110010100101010101110000000100100111010010100100010100110000000110010100010000000100110101010
101111101010101001000000100100101010101110011100010100100110100010111010000000011110110010100010000000110100101010111010101100011100000000101010110100000000010100101110011110111010101010100110101001100100011110010100101010101110000000100000101110100110000000011110110010100010000000011100011110111010100010011100011100000000011110110010100000011110000000010100011100000000111000100000010100100110000000101010101110
011110110010100010101100000000100000011100000000101110101010101110011100100010101110011100100010000000010100000000100100100000101110101110101010011110000000111110101001010100011110100010000000100000110110111010100010100010000000010111010100011110110010000000101111101010101001000000011110110010100010111010100010000000010111110010100000011110000000011100100000101111000000101111101010101001
101100100000111010101111000000110100101010111010000000101111101010101001000000100000111010100010000000100000000000101111101010101001101110110110000000111000100000100110101111000000101010110100000000100110100010100010111100000000111010100010110100111000100010100100011110010100101010101110000000010100000000101000101110101010010111000000100000101110100110000000111010100010100000100110
110110111010100010100000011110000000110000101010101010101000011100000000100000101110100110000000101100100000101000100010000000100010101101011110111010100000100100011110011100

101100100000111010101111000000010111010100011100110010100010100110000000011110101010000000011100100000101111000000011100101010101100100010011110110010010100101110110110000000011100100010101110011100010100110000111000100010000000110000101001011110000000101000101110100010010111000000101110101010011110000000110010101010010111

010111110010010100111000100010000000101100100000111010101111000000010100011100000000100000100110010110101001011100011110010100101110110110000000110010100010111010000000010100100110100010100000011100000000110010100010000000100100101010101110011110010100101110101001100010100110000000111000100010011110000000101001011100000000111010100010011110101001111010101110000000011110101010000000101100111010
110000010100101110110110111000100010101111

010100000000100000101100000000011100010100100100101000000000101010110100000000101100111010000000110000010100101110110110111000100010101111000000100100111010010100100010100110000000110010010100011100000000010111010100110100100010

010100000000100000101100000000011100101010111010111010101111000000011110101010000000110010100010100000111010000000011110110010100000011110000000110000101001011110000000010111110010101111000000100110010100100110000000101110101010011110000000101111101010101001000000011110100010111000111000000000101100100010000000011110110010100000011110000000110000100010110100101010111010100010000000010100110100
010100000000110010100000100110000000101000101110101010010111101110000000100000011100000000101100101001100100110010000000011110110010010100011100000000101100101010111010101110010100101110110110000000010100000000100100100010111010011110100000010100101110111000101111000000010111101010101001111000100110000000101110101010011110000000110010100000111001100010000000100100100000111000111000100010100110
101010101110000000110010010100101100000000010100011110000000010100011100000000111001100010111010101111000000101001101110111000101001100100101000101111000000110000101001011110000000100000011100000000010100000000110010100000111001100010000000100000100100011110101001100000111000111000101111000000111100100000010100100110000000011110110010100010000000111001010100011100010100011110000000010111100010
100100100000101110101110101010011110000000100010011100100100100000111100100010000000011110110010100010000000100000100100111110101001100000010100101110011110100000101110100100100010000000101110101010010111

011110110010100010000000100000011100011110101010101110010100011100110010101100100010101110011110000000101010110100000000011110110010100010000000111000100000100110010100100010011100000000010111100000011100000000010110101001011100011110000000010111110010100000011110000000110010100010000000010111010100011100110010100010100110000000011110110010100000011110000000101010110100000000101100111010011100
110000100010101110101110100010011110000000111100100010111010110010100000111100011100000000011100101001111010111100100000011100011100010100101110110110000000011110110010100010000000111010100010011100011110000000011110110010101010101001110110110010000000010111110010100010101110000000011110110010100010000000110100010100111010011100011110000000011110101001101100101001111000011110000000101010110100000000010110101010101111
010111100000011100000000101010111001100010111010000000011100110010100010000000110000100010110110100000101110000000011110101010000000100110100010100100111000100000111010100010000000011110110010100000011110000000010100011110000000010111100000011100000000010111110010100000011110000000011100110010100010000000110010100000100110000000100010101101111100100010100100011110100010100110000000100000111000111000000000011110110010100010
010111110010010100111000100010

110010101010010111000000110110101010101010100110000000010100011110000000010111100000011100000000010100101110000000101111101010101001000000101100101111000000100110100010100000111010000000101100111010000000110000100010101110101110100010011110000000110000101001011110000000010100000000101000101110100010010111000000010100000000011100110010101010101001111000100110
111100100010111010011100101001100000100110100010000000101111101010101001000000100000011110000000111000100000011100011110000000010100000000010111100000011100000000011100101001111010100010000000101111101010101001000000111000101010111001100010100110000000101111101010101001111010000000110110010100111010111000011100000000011110101010101010000000010111100010111000111000000000011110101010
101110100010110110111000100010100100011110000000011100101001100100110010000000100000101110000000100000100100111110101001100000010100101110011110100000101110100100100010000000010111100010111000111000000000110010101010010111000000111100111000100010100000011100100010100110000000010100000000100000101100000000100000101110100110000000010100011110000000010100011100000000011100101001100100110010000000100000
110110101010101010100110000000010110101010101000100010000000011110101010101010000000011110110010100000011110000000101111101010101001000000011100110010101010101001111000100110000000110010100000111001100010000000110110101010101110100010000000011110110010010100011100000000101100101010111010101110010100101110110110000000100000101110100110000000101110100010111001100010111010000000011100100000010100100110000000100000
010111101010111010100110000000100000110000101010101001011110000000010100011110000000011110010100111000111000000000101110101010010111

101110101010010111000000101000010100011110011110101111000000101111101010101001000000101100100000101111000000100100101010101001110110110010000000100000011100000000101100101001100100110010000000100000011100000000101111101010101001000000100100110010101010101010011100100010000000011100100000010100100110000000101100111010000000110000100010101110101110100010011110000000100000101110100110
100000011100000000110010100010000000011100111100101010101000100010000000110010100010000000111000100010110100011110000000011110110010100010000000111010101010101010101100000000110100100000011110010100110110101001100010100110000000010111010100011110110010000000011110110010100010000000111010100000111100011110101001111010100010011100000000101010110100000000110010010100011100000000010111010100110100100010

010111110010100000011110000000100000101110000000100010101101100100100010111000111000100010101110011110000000110100100000011110110010100010111010000000101111101010101001000000110010100000111001100010000000110110010100111010111000011100000000011100100000010100100110000000011100110010100010000000010111110010100010101110000000011110110010100010000000100110101010101010111010000000010111100000011100
011100110010101001011110000000010100000000100110101010000000101110101010011110000000101000101110101010010111000000110010101010010111000000101111101010101001000000010111010100111000111000000000100010111001100010111010000000101100100000101000100010000000110010010100101100000000100000101100100010101110100110011100000000110100101010111010000000110010010100011100000000101000010100101110100110101110100010011100011100
101010111010000000101100100010000000100010010100011110110010100010111010000000110100101010111010000000011110110010100000011110000000101100100000011110011110100010111010000000100000011110000000101010101001111010000000011110010100101100100010000000101010110100000000111000010100110100100010000000010100011110000000010100011100000000101110101010011110000000011100101010
111100111000100010100000011100100000101110011110000000010100000000100100100000101110000000011110100010111000111000000000101111101010101001000000011110101010000000110000100010000000101100100000101000010100101110110110000000101110100010010111000000100000100100111110101001100000010100101110011110100000101110100100100010011100000000100010111001100010111010101111000000100110100000101111000000110000101001011110
110100101010111010000000101111101010101001111010000000011100100000101000100010011100000000010111100010000000010111101010101001111000100110000000100110101010000000100000101110101111011110110010010100101110110110000000111000101111100110010100100000000000101100101111000000111000101010111001100010000000011110110010101010101001110110110010000000101111101010101001000000100000111010100010
011110110010100010000000101111101010101001101110110110100010011100011110000000010100000000100110100000111010100010000000011100100000101111000000101100111010000000110000010100101110110110111000100010101111000000010111010100111000111000000000100110100000101110100100100010000000010111010100011110110010000000101111101010101001000000100000011110000000011110110010100010000000101110100010101101011110
110000100000111000111000

101010110010000000011100100000010100100110000000111000101111100110010100100000000000011100011110101010101001011110111000101111000000010100000000100000101100000000101110101010011110000000100000110100111010100000010100100110000000110100101010111010000000011110110010101010101001110110110010000000010100000000100000101100000000011110110010100010
101111101010101001101110110110100010011100011110000000010100101100000000011110110010100010000000011110100000111000111000100010011100011110

011110110010100010000000111010100010011100011110000000101010110100000000011110110010100010000000100010111001100010101110010100101110110110000000010111100000011100000000011100111100100010101110011110000000010100101110000000100100101010101110010110100010100100011110101001111010010100101110110110000000110010101010010111000000011100101010101010101110000000110010100010000000010111101010101001111000100110
111010100010011110101001111010101110000000101100111010000000110000100010101110101110100010011110011100000000111001010100011100010100011110000000100000101110100110000000100110100010011110100010111010101100010100101110010100101110110110000000010111110010100010101110000000011110110010100010101111000000011100110010101010101001111000100110000000100000011100101000000000110010010100101100000000011110101010
100110010100101110101110100010111010
